area,tecnologia,division,proyecto
SMD,AOI,PSAD,HYUNDAI
SMD,AOI,PSAD,HYUNDAI
SMD,AOI,PSAD,HYUNDAI
SMD,AOI,PSAD,HYUNDAI
SMD,AOI,PSAD,HYUNDAI
SMD,AOI,PSAD,HYUNDAI
SMD,AOI,PSAD,HYUNDAI
SMD,AOI,PSAD,HYUNDAI
SMD,AOI,PSAD,HYUNDAI
SMD,AOI,PSAD,HYUNDAI
SMD,AOI,PSAD,HYUNDAI
SMD,ASPI,PSAD,HYUNDAI
SMD,ASPI,PSAD,HYUNDAI
SMD,ASPI,PSAD,HYUNDAI
SMD,ASPI,PSAD,HYUNDAI
SMD,ASPI,PSAD,HYUNDAI
SMD,ASYS,PSAD,HYUNDAI
SMD,ASYS,PSAD,HYUNDAI
SMD,ASYS,PSAD,HYUNDAI
SMD,ASYS,PSAD,HYUNDAI
SMD,ASYS,PSAD,HYUNDAI
SMD,ASYS,PSAD,HYUNDAI
SMD,ASYS,PSAD,HYUNDAI
SMD,ASYS,PSAD,HYUNDAI
SMD,ASYS,PSAD,HYUNDAI
SMD,ASYS,PSAD,HYUNDAI
SMD,ASYS,PSAD,HYUNDAI
SMD,IMPRESION DE PASTA,PSAD,HYUNDAI
SMD,IMPRESION DE PASTA,PSAD,HYUNDAI
SMD,IMPRESION DE PASTA,PSAD,HYUNDAI
SMD,IMPRESION DE PASTA,PSAD,HYUNDAI
SMD,IMPRESION DE PASTA,PSAD,HYUNDAI
SMD,IMPRESION DE PASTA,PSAD,HYUNDAI
SMD,IMPRESION DE PASTA,PSAD,HYUNDAI
SMD,IMPRESION DE PASTA,PSAD,HYUNDAI
SMD,IMPRESION DE PASTA,PSAD,HYUNDAI
SMD,IMPRESION DE PASTA,PSAD,HYUNDAI
SMD,IMPRESION DE PASTA,PSAD,HYUNDAI
SMD,IMPRESION DE PASTA,PSAD,HYUNDAI
SMD,IMPRESION DE PASTA,PSAD,HYUNDAI
SMD,IMPRESION DE PASTA,PSAD,HYUNDAI
SMD,IMPRESION DE PASTA,PSAD,HYUNDAI
SMD,IMPRESION DE PASTA,PSAD,HYUNDAI
SMD,IMPRESION DE PASTA,PSAD,HYUNDAI
SMD,IMPRESION DE PASTA,PSAD,HYUNDAI
SMD,IMPRESION DE PASTA,PSAD,HYUNDAI
SMD,IMPRESION DE PASTA,PSAD,HYUNDAI
SMD,IMPRESION DE PASTA,PSAD,HYUNDAI
SMD,IMPRESION DE PASTA,PSAD,HYUNDAI
SMD,IMPRESION DE PASTA,PSAD,HYUNDAI
SMD,IMPRESION DE PASTA,PSAD,HYUNDAI
SMD,IMPRESION DE PASTA,PSAD,HYUNDAI
SMD,IMPRESION DE PASTA,PSAD,HYUNDAI
SMD,IMPRESION DE PASTA,PSAD,HYUNDAI
SMD,IMPRESION DE PASTA,PSAD,HYUNDAI
SMD,IMPRESION DE PASTA,PSAD,HYUNDAI
SMD,HORNO,PSAD,HYUNDAI
SMD,HORNO,PSAD,HYUNDAI
SMD,HORNO,PSAD,HYUNDAI
SMD,HORNO,PSAD,HYUNDAI
SMD,HORNO,PSAD,HYUNDAI
SMD,HORNO,PSAD,HYUNDAI
SMD,HORNO,PSAD,HYUNDAI
SMD,HORNO,PSAD,HYUNDAI
SMD,HORNO,PSAD,HYUNDAI
SMD,HORNO,PSAD,HYUNDAI
SMD,HORNO,PSAD,HYUNDAI
SMD,HORNO,PSAD,HYUNDAI
SMD,HORNO,PSAD,HYUNDAI
SMD,HORNO,PSAD,HYUNDAI
SMD,HORNO,PSAD,HYUNDAI
SMD,HORNO,PSAD,HYUNDAI
SMD,HORNO,PSAD,HYUNDAI
SMD,HORNO,PSAD,HYUNDAI
SMD,HORNO,PSAD,HYUNDAI
SMD,HORNO,PSAD,HYUNDAI
SMD,HORNO,PSAD,HYUNDAI
SMD,HORNO,PSAD,HYUNDAI
SMD,HORNO,PSAD,HYUNDAI
SMD,HORNO,PSAD,HYUNDAI
SMD,HORNO,PSAD,HYUNDAI
SMD,HORNO,PSAD,HYUNDAI
SMD,HORNO,PSAD,HYUNDAI
SMD,HORNO,PSAD,HYUNDAI
SMD,HORNO,PSAD,HYUNDAI
SMD,HORNO,PSAD,HYUNDAI
SMD,HORNO,PSAD,HYUNDAI
SMD,HORNO,PSAD,HYUNDAI
SMD,HORNO,PSAD,HYUNDAI
SMD,HORNO,PSAD,HYUNDAI
SMD,HORNO,PSAD,HYUNDAI
SMD,LASER,PSAD,HYUNDAI
SMD,LASER,PSAD,HYUNDAI
SMD,LASER,PSAD,HYUNDAI
SMD,LASER,PSAD,HYUNDAI
SMD,LASER,PSAD,HYUNDAI
SMD,LASER,PSAD,HYUNDAI
SMD,LASER,PSAD,HYUNDAI
SMD,LASER,PSAD,HYUNDAI
SMD,LASER,PSAD,HYUNDAI
SMD,LASER,PSAD,HYUNDAI
SMD,LASER,PSAD,HYUNDAI
SMD,LASER,PSAD,HYUNDAI
SMD,LASER,PSAD,HYUNDAI
SMD,LASER,PSAD,HYUNDAI
SMD,LASER,PSAD,HYUNDAI
SMD,LASER,PSAD,HYUNDAI
SMD,SIPLACE,PSAD,HYUNDAI
SMD,SIPLACE,PSAD,HYUNDAI
SMD,SIPLACE,PSAD,HYUNDAI
SMD,SIPLACE,PSAD,HYUNDAI
SMD,SIPLACE,PSAD,HYUNDAI
SMD,SIPLACE,PSAD,HYUNDAI
SMD,SIPLACE,PSAD,HYUNDAI
SMD,SIPLACE,PSAD,HYUNDAI
SMD,SIPLACE,PSAD,HYUNDAI
SMD,SIPLACE,PSAD,HYUNDAI
SMD,SIPLACE,PSAD,HYUNDAI
SMD,SIPLACE,PSAD,HYUNDAI
SMD,SIPLACE,PSAD,HYUNDAI
SMD,SIPLACE,PSAD,HYUNDAI
SMD,SIPLACE,PSAD,HYUNDAI
SMD,SIPLACE,PSAD,HYUNDAI
SMD,SIPLACE,PSAD,HYUNDAI
SMD,SIPLACE,PSAD,HYUNDAI
SMD,SIPLACE,PSAD,HYUNDAI
SMD,SIPLACE,PSAD,HYUNDAI
SMD,SIPLACE,PSAD,HYUNDAI
SMD,SIPLACE,PSAD,HYUNDAI
SMD,SIPLACE,PSAD,HYUNDAI
SMD,SIPLACE,PSAD,HYUNDAI
SMD,SIPLACE,PSAD,HYUNDAI
SMD,SIPLACE,PSAD,HYUNDAI
SMD,SIPLACE,PSAD,HYUNDAI
SMD,SIPLACE,PSAD,HYUNDAI
SMD,SIPLACE,PSAD,HYUNDAI
SMD,SIPLACE,PSAD,HYUNDAI
SMD,SIPLACE,PSAD,HYUNDAI
SMD,SIPLACE,PSAD,HYUNDAI
SMD,SIPLACE,PSAD,HYUNDAI
SMD,SIPLACE,PSAD,HYUNDAI
SMD,SIPLACE,PSAD,HYUNDAI
SMD,SIPLACE,PSAD,HYUNDAI
SMD,SIPLACE,PSAD,HYUNDAI
SMD,SIPLACE,PSAD,HYUNDAI
SMD,SIPLACE,PSAD,HYUNDAI
SMD,SIPLACE,PSAD,HYUNDAI
BACKEND/ENSAMBLE FINAL,ATORNILLADO AUTOMATICO,PSAD,HYUNDAI
BACKEND/ENSAMBLE FINAL,ATORNILLADO AUTOMATICO,PSAD,HYUNDAI
BACKEND/ENSAMBLE FINAL,ATORNILLADO AUTOMATICO,PSAD,HYUNDAI
BACKEND/ENSAMBLE FINAL,ATORNILLADO AUTOMATICO,PSAD,HYUNDAI
BACKEND/ENSAMBLE FINAL,ATORNILLADO AUTOMATICO,PSAD,HYUNDAI
BACKEND/ENSAMBLE FINAL,ATORNILLADO AUTOMATICO,PSAD,HYUNDAI
BACKEND/ENSAMBLE FINAL,ATORNILLADO AUTOMATICO,PSAD,HYUNDAI
BACKEND/ENSAMBLE FINAL,ATORNILLADO AUTOMATICO,PSAD,HYUNDAI
BACKEND/ENSAMBLE FINAL,ATORNILLADO AUTOMATICO,PSAD,HYUNDAI
BACKEND/ENSAMBLE FINAL,ATORNILLADO AUTOMATICO,PSAD,HYUNDAI
BACKEND/ENSAMBLE FINAL,ATORNILLADO AUTOMATICO,PSAD,HYUNDAI
BACKEND/ENSAMBLE FINAL,ATORNILLADO AUTOMATICO,PSAD,HYUNDAI
BACKEND/ENSAMBLE FINAL,ATORNILLADO AUTOMATICO,PSAD,HYUNDAI
BACKEND/ENSAMBLE FINAL,ATORNILLADO AUTOMATICO,PSAD,HYUNDAI
BACKEND/ENSAMBLE FINAL,ATORNILLADO AUTOMATICO,PSAD,HYUNDAI
BACKEND/ENSAMBLE FINAL,ATORNILLADO AUTOMATICO,PSAD,HYUNDAI
BACKEND/ENSAMBLE FINAL,ATORNILLADO AUTOMATICO,PSAD,HYUNDAI
BACKEND/ENSAMBLE FINAL,ATORNILLADO AUTOMATICO,PSAD,HYUNDAI
BACKEND/ENSAMBLE FINAL,ATORNILLADO AUTOMATICO,PSAD,HYUNDAI
BACKEND/ENSAMBLE FINAL,ATORNILLADO AUTOMATICO,PSAD,HYUNDAI
BACKEND/ENSAMBLE FINAL,ATORNILLADO AUTOMATICO,PSAD,HYUNDAI
BACKEND/ENSAMBLE FINAL,DTA,PSAD,HYUNDAI
BACKEND/ENSAMBLE FINAL,DTA,PSAD,HYUNDAI
BACKEND/ENSAMBLE FINAL,DTA,PSAD,HYUNDAI
BACKEND/ENSAMBLE FINAL,DTA,PSAD,HYUNDAI
BACKEND/ENSAMBLE FINAL,DTA,PSAD,HYUNDAI
BACKEND/ENSAMBLE FINAL,DTA,PSAD,HYUNDAI
BACKEND/ENSAMBLE FINAL,DTA,PSAD,HYUNDAI
BACKEND/ENSAMBLE FINAL,DTA,PSAD,HYUNDAI
BACKEND/ENSAMBLE FINAL,DTA,PSAD,HYUNDAI
BACKEND/ENSAMBLE FINAL,DTA,PSAD,HYUNDAI
BACKEND/ENSAMBLE FINAL,DTA,PSAD,HYUNDAI
BACKEND/ENSAMBLE FINAL,DTA,PSAD,HYUNDAI
BACKEND/ENSAMBLE FINAL,DTA,PSAD,HYUNDAI
BACKEND/ENSAMBLE FINAL,DTA,PSAD,HYUNDAI
BACKEND/ENSAMBLE FINAL,DTA,PSAD,HYUNDAI
BACKEND/ENSAMBLE FINAL,DTA,PSAD,HYUNDAI
BACKEND/ENSAMBLE FINAL,DTA,PSAD,HYUNDAI
BACKEND/ENSAMBLE FINAL,DTA,PSAD,HYUNDAI
BACKEND/ENSAMBLE FINAL,DTA,PSAD,HYUNDAI
BACKEND/ENSAMBLE FINAL,EMPAQUE,PSAD,HYUNDAI
BACKEND/ENSAMBLE FINAL,EMPAQUE,PSAD,HYUNDAI
BACKEND/ENSAMBLE FINAL,EMPAQUE,PSAD,HYUNDAI
BACKEND/ENSAMBLE FINAL,EMPAQUE,PSAD,HYUNDAI
BACKEND/ENSAMBLE FINAL,EMPAQUE,PSAD,HYUNDAI
BACKEND/ENSAMBLE FINAL,EMPAQUE,PSAD,HYUNDAI
BACKEND/ENSAMBLE FINAL,EMPAQUE,PSAD,HYUNDAI
BACKEND/ENSAMBLE FINAL,EMPAQUE,PSAD,HYUNDAI
BACKEND/ENSAMBLE FINAL,EMPAQUE,PSAD,HYUNDAI
BACKEND/ENSAMBLE FINAL,EMPAQUE,PSAD,HYUNDAI
BACKEND/ENSAMBLE FINAL,EMPAQUE,PSAD,HYUNDAI
BACKEND/ENSAMBLE FINAL,LAQUEADO,PSAD,HYUNDAI
BACKEND/ENSAMBLE FINAL,LAQUEADO,PSAD,HYUNDAI
BACKEND/ENSAMBLE FINAL,LAQUEADO,PSAD,HYUNDAI
BACKEND/ENSAMBLE FINAL,LAQUEADO,PSAD,HYUNDAI
BACKEND/ENSAMBLE FINAL,LAQUEADO,PSAD,HYUNDAI
BACKEND/ENSAMBLE FINAL,LAQUEADO,PSAD,HYUNDAI
BACKEND/ENSAMBLE FINAL,LAQUEADO,PSAD,HYUNDAI
BACKEND/ENSAMBLE FINAL,LAQUEADO,PSAD,HYUNDAI
BACKEND/ENSAMBLE FINAL,LAQUEADO,PSAD,HYUNDAI
BACKEND/ENSAMBLE FINAL,LAQUEADO,PSAD,HYUNDAI
BACKEND/ENSAMBLE FINAL,LAQUEADO,PSAD,HYUNDAI
BACKEND/ENSAMBLE FINAL,LAQUEADO,PSAD,HYUNDAI
BACKEND/ENSAMBLE FINAL,LAQUEADO,PSAD,HYUNDAI
BACKEND/ENSAMBLE FINAL,LAQUEADO,PSAD,HYUNDAI
BACKEND/ENSAMBLE FINAL,LAQUEADO,PSAD,HYUNDAI
BACKEND/ENSAMBLE FINAL,PRUEBA FINAL,PSAD,HYUNDAI
BACKEND/ENSAMBLE FINAL,PRUEBA FINAL,PSAD,HYUNDAI
BACKEND/ENSAMBLE FINAL,PRUEBA FINAL,PSAD,HYUNDAI
BACKEND/ENSAMBLE FINAL,PRUEBA FINAL,PSAD,HYUNDAI
BACKEND/ENSAMBLE FINAL,PRUEBA FINAL,PSAD,HYUNDAI
BACKEND/ENSAMBLE FINAL,PRUEBA FINAL,PSAD,HYUNDAI
BACKEND/ENSAMBLE FINAL,PRUEBA FINAL,PSAD,HYUNDAI
BACKEND/ENSAMBLE FINAL,PRUEBA FINAL,PSAD,HYUNDAI
BACKEND/ENSAMBLE FINAL,PRUEBA FINAL,PSAD,HYUNDAI
BACKEND/ENSAMBLE FINAL,PRUEBA FINAL,PSAD,HYUNDAI
BACKEND/ENSAMBLE FINAL,PRUEBA FINAL,PSAD,HYUNDAI
BACKEND/ENSAMBLE FINAL,PRUEBA FINAL,PSAD,HYUNDAI
BACKEND/ENSAMBLE FINAL,SHAKER,PSAD,HYUNDAI
BACKEND/ENSAMBLE FINAL,SHAKER,PSAD,HYUNDAI
BACKEND/ENSAMBLE FINAL,SHAKER,PSAD,HYUNDAI
BACKEND/ENSAMBLE FINAL,SHAKER,PSAD,HYUNDAI
BACKEND/ENSAMBLE FINAL,SHAKER,PSAD,HYUNDAI
BACKEND/ENSAMBLE FINAL,SHAKER,PSAD,HYUNDAI
BACKEND/ENSAMBLE FINAL,SHAKER,PSAD,HYUNDAI
BACKEND/ENSAMBLE FINAL,SHAKER,PSAD,HYUNDAI
BACKEND/ENSAMBLE FINAL,SHAKER,PSAD,HYUNDAI
BACKEND/ENSAMBLE FINAL,SHAKER,PSAD,HYUNDAI
BACKEND/ENSAMBLE FINAL,SHAKER,PSAD,HYUNDAI
BACKEND/ENSAMBLE FINAL,SHAKER,PSAD,HYUNDAI
BACKEND/ENSAMBLE FINAL,DESPANELIZADO,PSAD,HYUNDAI
BACKEND/ENSAMBLE FINAL,DESPANELIZADO,PSAD,HYUNDAI
BACKEND/ENSAMBLE FINAL,DESPANELIZADO,PSAD,HYUNDAI
BACKEND/ENSAMBLE FINAL,DESPANELIZADO,PSAD,HYUNDAI
BACKEND/ENSAMBLE FINAL,DESPANELIZADO,PSAD,HYUNDAI
BACKEND/ENSAMBLE FINAL,DESPANELIZADO,PSAD,HYUNDAI
BACKEND/ENSAMBLE FINAL,DESPANELIZADO,PSAD,HYUNDAI
BACKEND/ENSAMBLE FINAL,DESPANELIZADO,PSAD,HYUNDAI
BACKEND/ENSAMBLE FINAL,ICT,PSAD,HYUNDAI
BACKEND/ENSAMBLE FINAL,ICT,PSAD,HYUNDAI
BACKEND/ENSAMBLE FINAL,ICT,PSAD,HYUNDAI
BACKEND/ENSAMBLE FINAL,ICT,PSAD,HYUNDAI
BACKEND/ENSAMBLE FINAL,ICT,PSAD,HYUNDAI
BACKEND/ENSAMBLE FINAL,ICT,PSAD,HYUNDAI
BACKEND/ENSAMBLE FINAL,ICT,PSAD,HYUNDAI
BACKEND/ENSAMBLE FINAL,ICT,PSAD,HYUNDAI
BACKEND/ENSAMBLE FINAL,ICT,PSAD,HYUNDAI
BACKEND/ENSAMBLE FINAL,ICT,PSAD,HYUNDAI
BACKEND/ENSAMBLE FINAL,ICT,PSAD,HYUNDAI
BACKEND/ENSAMBLE FINAL,SAWING,PSAD,HYUNDAI
BACKEND/ENSAMBLE FINAL,SAWING,PSAD,HYUNDAI
BACKEND/ENSAMBLE FINAL,SAWING,PSAD,HYUNDAI
BACKEND/ENSAMBLE FINAL,SAWING,PSAD,HYUNDAI
BACKEND/ENSAMBLE FINAL,SAWING,PSAD,HYUNDAI
BACKEND/ENSAMBLE FINAL,SAWING,PSAD,HYUNDAI
BACKEND/ENSAMBLE FINAL,SAWING,PSAD,HYUNDAI
BACKEND/ENSAMBLE FINAL,SAWING,PSAD,HYUNDAI
BACKEND/ENSAMBLE FINAL,PRESSFIT,PSAD,HYUNDAI
BACKEND/ENSAMBLE FINAL,PRESSFIT,PSAD,HYUNDAI
BACKEND/ENSAMBLE FINAL,PRESSFIT,PSAD,HYUNDAI
BACKEND/ENSAMBLE FINAL,PRESSFIT,PSAD,HYUNDAI
BACKEND/ENSAMBLE FINAL,PRESSFIT,PSAD,HYUNDAI
BACKEND/ENSAMBLE FINAL,PRESSFIT,PSAD,HYUNDAI
BACKEND/ENSAMBLE FINAL,PRESSFIT,PSAD,HYUNDAI
BACKEND/ENSAMBLE FINAL,PRESSFIT,PSAD,HYUNDAI
BACKEND/ENSAMBLE FINAL,PRESSFIT,PSAD,HYUNDAI
BACKEND/ENSAMBLE FINAL,PRESSFIT,PSAD,HYUNDAI
BACKEND/ENSAMBLE FINAL,PRESSFIT,PSAD,HYUNDAI
BACKEND/ENSAMBLE FINAL,PRESSFIT,PSAD,HYUNDAI
BACKEND/ENSAMBLE FINAL,PRESSFIT,PSAD,HYUNDAI
BACKEND/ENSAMBLE FINAL,PRESSFIT,PSAD,HYUNDAI
BACKEND/ENSAMBLE FINAL,SNAP ON,PSAD,HYUNDAI
BACKEND/ENSAMBLE FINAL,SNAP ON,PSAD,HYUNDAI
BACKEND/ENSAMBLE FINAL,SNAP ON,PSAD,HYUNDAI
BACKEND/ENSAMBLE FINAL,SNAP ON,PSAD,HYUNDAI
BACKEND/ENSAMBLE FINAL,SNAP ON,PSAD,HYUNDAI
BACKEND/ENSAMBLE FINAL,SNAP ON,PSAD,HYUNDAI
BACKEND/ENSAMBLE FINAL,SNAP ON,PSAD,HYUNDAI
BACKEND/ENSAMBLE FINAL,SNAP ON,PSAD,HYUNDAI
